[3J[H[2Jdistance/100
terminate called after throwing an instance of 'cv::Exception'
  what():  OpenCV(3.4.2) /home/welerson_a_melo/OpenCV/modules/imgproc/src/color.hpp:253: error: (-215:Assertion failed) VScn::contains(scn) && VDcn::contains(dcn) && VDepth::contains(depth) in function 'CvtHelper'

executar.detector_CV.distance: line 4:  1109 Aborted                 ./detector_CV ../dataset/2D/distance/100/100.gLogMap.jpg ../dataset/2D/distance/100/100
terminate called after throwing an instance of 'cv::Exception'
  what():  OpenCV(3.4.2) /home/welerson_a_melo/OpenCV/modules/imgproc/src/color.hpp:253: error: (-215:Assertion failed) VScn::contains(scn) && VDcn::contains(dcn) && VDepth::contains(depth) in function 'CvtHelper'

executar.detector_CV.distance: line 5:  1111 Aborted                 ./detector_CV ../dataset/2D/distance/100/100.gReinhard05.jpg ../dataset/2D/distance/100/100
Imagem HDR
S:0.999998
[0.015026101, 0.028568972, 0.035390727, 0.028568972, 0.015026101;
 0.028568972, 0.054317895, 0.067288034, 0.054317895, 0.028568972;
 0.035390727, 0.067288034, 0.083355203, 0.067288034, 0.035390727;
 0.028568972, 0.054317895, 0.067288034, 0.054317895, 0.028568972;
 0.015026101, 0.028568972, 0.035390727, 0.028568972, 0.015026101]
[3J[H[2Jlighting/001
Imagem HDR
S:0.999998
[0.015026101, 0.028568972, 0.035390727, 0.028568972, 0.015026101;
 0.028568972, 0.054317895, 0.067288034, 0.054317895, 0.028568972;
 0.035390727, 0.067288034, 0.083355203, 0.067288034, 0.035390727;
 0.028568972, 0.054317895, 0.067288034, 0.054317895, 0.028568972;
 0.015026101, 0.028568972, 0.035390727, 0.028568972, 0.015026101]
[3J[H[2Jviewpoint/00
Imagem HDR
S:0.999998
[0.015026101, 0.028568972, 0.035390727, 0.028568972, 0.015026101;
 0.028568972, 0.054317895, 0.067288034, 0.054317895, 0.028568972;
 0.035390727, 0.067288034, 0.083355203, 0.067288034, 0.035390727;
 0.028568972, 0.054317895, 0.067288034, 0.054317895, 0.028568972;
 0.015026101, 0.028568972, 0.035390727, 0.028568972, 0.015026101]
quantidade KeyPoints: 21320
Salvando keypoints ROIs no arquivo...
S:0.999998
[0.015026101, 0.028568972, 0.035390727, 0.028568972, 0.015026101;
 0.028568972, 0.054317895, 0.067288034, 0.054317895, 0.028568972;
 0.035390727, 0.067288034, 0.083355203, 0.067288034, 0.035390727;
 0.028568972, 0.054317895, 0.067288034, 0.054317895, 0.028568972;
 0.015026101, 0.028568972, 0.035390727, 0.028568972, 0.015026101]
quantidade KeyPoints: 21726
Salvando keypoints ROIs no arquivo...
S:0.999998
[0.015026101, 0.028568972, 0.035390727, 0.028568972, 0.015026101;
 0.028568972, 0.054317895, 0.067288034, 0.054317895, 0.028568972;
 0.035390727, 0.067288034, 0.083355203, 0.067288034, 0.035390727;
 0.028568972, 0.054317895, 0.067288034, 0.054317895, 0.028568972;
 0.015026101, 0.028568972, 0.035390727, 0.028568972, 0.015026101]
quantidade KeyPoints: 20808
Salvando keypoints ROIs no arquivo...
S:0.999998
[0.015026101, 0.028568972, 0.035390727, 0.028568972, 0.015026101;
 0.028568972, 0.054317895, 0.067288034, 0.054317895, 0.028568972;
 0.035390727, 0.067288034, 0.083355203, 0.067288034, 0.035390727;
 0.028568972, 0.054317895, 0.067288034, 0.054317895, 0.028568972;
 0.015026101, 0.028568972, 0.035390727, 0.028568972, 0.015026101]
quantidade KeyPoints: 20528
Salvando keypoints ROIs no arquivo...
S:0.999998
[0.015026101, 0.028568972, 0.035390727, 0.028568972, 0.015026101;
 0.028568972, 0.054317895, 0.067288034, 0.054317895, 0.028568972;
 0.035390727, 0.067288034, 0.083355203, 0.067288034, 0.035390727;
 0.028568972, 0.054317895, 0.067288034, 0.054317895, 0.028568972;
 0.015026101, 0.028568972, 0.035390727, 0.028568972, 0.015026101]
quantidade KeyPoints: 20299
Salvando keypoints ROIs no arquivo...
S:0.999998
[0.015026101, 0.028568972, 0.035390727, 0.028568972, 0.015026101;
 0.028568972, 0.054317895, 0.067288034, 0.054317895, 0.028568972;
 0.035390727, 0.067288034, 0.083355203, 0.067288034, 0.035390727;
 0.028568972, 0.054317895, 0.067288034, 0.054317895, 0.028568972;
 0.015026101, 0.028568972, 0.035390727, 0.028568972, 0.015026101]
quantidade KeyPoints: 17827
Salvando keypoints ROIs no arquivo...
S:0.999998
[0.015026101, 0.028568972, 0.035390727, 0.028568972, 0.015026101;
 0.028568972, 0.054317895, 0.067288034, 0.054317895, 0.028568972;
 0.035390727, 0.067288034, 0.083355203, 0.067288034, 0.035390727;
 0.028568972, 0.054317895, 0.067288034, 0.054317895, 0.028568972;
 0.015026101, 0.028568972, 0.035390727, 0.028568972, 0.015026101]
quantidade KeyPoints: 20097
Salvando keypoints ROIs no arquivo...
S:0.999998
[0.015026101, 0.028568972, 0.035390727, 0.028568972, 0.015026101;
 0.028568972, 0.054317895, 0.067288034, 0.054317895, 0.028568972;
 0.035390727, 0.067288034, 0.083355203, 0.067288034, 0.035390727;
 0.028568972, 0.054317895, 0.067288034, 0.054317895, 0.028568972;
 0.015026101, 0.028568972, 0.035390727, 0.028568972, 0.015026101]
quantidade KeyPoints: 19165
Salvando keypoints ROIs no arquivo...
S:0.999998
[0.015026101, 0.028568972, 0.035390727, 0.028568972, 0.015026101;
 0.028568972, 0.054317895, 0.067288034, 0.054317895, 0.028568972;
 0.035390727, 0.067288034, 0.083355203, 0.067288034, 0.035390727;
 0.028568972, 0.054317895, 0.067288034, 0.054317895, 0.028568972;
 0.015026101, 0.028568972, 0.035390727, 0.028568972, 0.015026101]
quantidade KeyPoints: 15692
Salvando keypoints ROIs no arquivo...
S:0.999998
[0.015026101, 0.028568972, 0.035390727, 0.028568972, 0.015026101;
 0.028568972, 0.054317895, 0.067288034, 0.054317895, 0.028568972;
 0.035390727, 0.067288034, 0.083355203, 0.067288034, 0.035390727;
 0.028568972, 0.054317895, 0.067288034, 0.054317895, 0.028568972;
 0.015026101, 0.028568972, 0.035390727, 0.028568972, 0.015026101]
quantidade KeyPoints: 18510
Salvando keypoints ROIs no arquivo...
S:0.999998
[0.015026101, 0.028568972, 0.035390727, 0.028568972, 0.015026101;
 0.028568972, 0.054317895, 0.067288034, 0.054317895, 0.028568972;
 0.035390727, 0.067288034, 0.083355203, 0.067288034, 0.035390727;
 0.028568972, 0.054317895, 0.067288034, 0.054317895, 0.028568972;
 0.015026101, 0.028568972, 0.035390727, 0.028568972, 0.015026101]
quantidade KeyPoints: 21063
Salvando keypoints ROIs no arquivo...
S:0.999998
[0.015026101, 0.028568972, 0.035390727, 0.028568972, 0.015026101;
 0.028568972, 0.054317895, 0.067288034, 0.054317895, 0.028568972;
 0.035390727, 0.067288034, 0.083355203, 0.067288034, 0.035390727;
 0.028568972, 0.054317895, 0.067288034, 0.054317895, 0.028568972;
 0.015026101, 0.028568972, 0.035390727, 0.028568972, 0.015026101]
quantidade KeyPoints: 23214
Salvando keypoints ROIs no arquivo...
S:0.999998
[0.015026101, 0.028568972, 0.035390727, 0.028568972, 0.015026101;
 0.028568972, 0.054317895, 0.067288034, 0.054317895, 0.028568972;
 0.035390727, 0.067288034, 0.083355203, 0.067288034, 0.035390727;
 0.028568972, 0.054317895, 0.067288034, 0.054317895, 0.028568972;
 0.015026101, 0.028568972, 0.035390727, 0.028568972, 0.015026101]
quantidade KeyPoints: 16649
Salvando keypoints ROIs no arquivo...
Imagem HDR
S:0.999998
[0.015026101, 0.028568972, 0.035390727, 0.028568972, 0.015026101;
 0.028568972, 0.054317895, 0.067288034, 0.054317895, 0.028568972;
 0.035390727, 0.067288034, 0.083355203, 0.067288034, 0.035390727;
 0.028568972, 0.054317895, 0.067288034, 0.054317895, 0.028568972;
 0.015026101, 0.028568972, 0.035390727, 0.028568972, 0.015026101]
quantidade KeyPoints: 17031
Salvando keypoints ROIs no arquivo...
Imagem HDR
S:0.999998
[0.015026101, 0.028568972, 0.035390727, 0.028568972, 0.015026101;
 0.028568972, 0.054317895, 0.067288034, 0.054317895, 0.028568972;
 0.035390727, 0.067288034, 0.083355203, 0.067288034, 0.035390727;
 0.028568972, 0.054317895, 0.067288034, 0.054317895, 0.028568972;
 0.015026101, 0.028568972, 0.035390727, 0.028568972, 0.015026101]
quantidade KeyPoints: 18466
Salvando keypoints ROIs no arquivo...
[3J[H[2Jdistance/103
terminate called after throwing an instance of 'cv::Exception'
  what():  OpenCV(3.4.2) /home/welerson_a_melo/OpenCV/modules/imgproc/src/color.hpp:253: error: (-215:Assertion failed) VScn::contains(scn) && VDcn::contains(dcn) && VDepth::contains(depth) in function 'CvtHelper'

executar.detector_CV.distance: line 16:  1286 Aborted                 ./detector_CV ../dataset/2D/distance/103/103.gLogMap.jpg ../dataset/2D/distance/103/103
terminate called after throwing an instance of 'cv::Exception'
  what():  OpenCV(3.4.2) /home/welerson_a_melo/OpenCV/modules/imgproc/src/color.hpp:253: error: (-215:Assertion failed) VScn::contains(scn) && VDcn::contains(dcn) && VDepth::contains(depth) in function 'CvtHelper'

executar.detector_CV.distance: line 17:  1288 Aborted                 ./detector_CV ../dataset/2D/distance/103/103.gReinhard05.jpg ../dataset/2D/distance/103/103
quantidade KeyPoints: 15676
Salvando keypoints ROIs no arquivo...
Imagem HDR
S:0.999998
[0.015026101, 0.028568972, 0.035390727, 0.028568972, 0.015026101;
 0.028568972, 0.054317895, 0.067288034, 0.054317895, 0.028568972;
 0.035390727, 0.067288034, 0.083355203, 0.067288034, 0.035390727;
 0.028568972, 0.054317895, 0.067288034, 0.054317895, 0.028568972;
 0.015026101, 0.028568972, 0.035390727, 0.028568972, 0.015026101]
Imagem HDR
S:0.999998
[0.015026101, 0.028568972, 0.035390727, 0.028568972, 0.015026101;
 0.028568972, 0.054317895, 0.067288034, 0.054317895, 0.028568972;
 0.035390727, 0.067288034, 0.083355203, 0.067288034, 0.035390727;
 0.028568972, 0.054317895, 0.067288034, 0.054317895, 0.028568972;
 0.015026101, 0.028568972, 0.035390727, 0.028568972, 0.015026101]
quantidade KeyPoints: 19022
Salvando keypoints ROIs no arquivo...
[3J[H[2Jlighting/010
Imagem HDR
S:0.999998
[0.015026101, 0.028568972, 0.035390727, 0.028568972, 0.015026101;
 0.028568972, 0.054317895, 0.067288034, 0.054317895, 0.028568972;
 0.035390727, 0.067288034, 0.083355203, 0.067288034, 0.035390727;
 0.028568972, 0.054317895, 0.067288034, 0.054317895, 0.028568972;
 0.015026101, 0.028568972, 0.035390727, 0.028568972, 0.015026101]
quantidade KeyPoints: 18058
Salvando keypoints ROIs no arquivo...
[3J[H[2Jviewpoint/01
Imagem HDR
S:0.999998
[0.015026101, 0.028568972, 0.035390727, 0.028568972, 0.015026101;
 0.028568972, 0.054317895, 0.067288034, 0.054317895, 0.028568972;
 0.035390727, 0.067288034, 0.083355203, 0.067288034, 0.035390727;
 0.028568972, 0.054317895, 0.067288034, 0.054317895, 0.028568972;
 0.015026101, 0.028568972, 0.035390727, 0.028568972, 0.015026101]
quantidade KeyPoints: 21709
Salvando keypoints ROIs no arquivo...
S:0.999998
[0.015026101, 0.028568972, 0.035390727, 0.028568972, 0.015026101;
 0.028568972, 0.054317895, 0.067288034, 0.054317895, 0.028568972;
 0.035390727, 0.067288034, 0.083355203, 0.067288034, 0.035390727;
 0.028568972, 0.054317895, 0.067288034, 0.054317895, 0.028568972;
 0.015026101, 0.028568972, 0.035390727, 0.028568972, 0.015026101]
quantidade KeyPoints: 21950
Salvando keypoints ROIs no arquivo...
S:0.999998
[0.015026101, 0.028568972, 0.035390727, 0.028568972, 0.015026101;
 0.028568972, 0.054317895, 0.067288034, 0.054317895, 0.028568972;
 0.035390727, 0.067288034, 0.083355203, 0.067288034, 0.035390727;
 0.028568972, 0.054317895, 0.067288034, 0.054317895, 0.028568972;
 0.015026101, 0.028568972, 0.035390727, 0.028568972, 0.015026101]
quantidade KeyPoints: 21035
Salvando keypoints ROIs no arquivo...
S:0.999998
[0.015026101, 0.028568972, 0.035390727, 0.028568972, 0.015026101;
 0.028568972, 0.054317895, 0.067288034, 0.054317895, 0.028568972;
 0.035390727, 0.067288034, 0.083355203, 0.067288034, 0.035390727;
 0.028568972, 0.054317895, 0.067288034, 0.054317895, 0.028568972;
 0.015026101, 0.028568972, 0.035390727, 0.028568972, 0.015026101]
quantidade KeyPoints: 19940
Salvando keypoints ROIs no arquivo...
S:0.999998
[0.015026101, 0.028568972, 0.035390727, 0.028568972, 0.015026101;
 0.028568972, 0.054317895, 0.067288034, 0.054317895, 0.028568972;
 0.035390727, 0.067288034, 0.083355203, 0.067288034, 0.035390727;
 0.028568972, 0.054317895, 0.067288034, 0.054317895, 0.028568972;
 0.015026101, 0.028568972, 0.035390727, 0.028568972, 0.015026101]
quantidade KeyPoints: 10103
Salvando keypoints ROIs no arquivo...
S:0.999998
[0.015026101, 0.028568972, 0.035390727, 0.028568972, 0.015026101;
 0.028568972, 0.054317895, 0.067288034, 0.054317895, 0.028568972;
 0.035390727, 0.067288034, 0.083355203, 0.067288034, 0.035390727;
 0.028568972, 0.054317895, 0.067288034, 0.054317895, 0.028568972;
 0.015026101, 0.028568972, 0.035390727, 0.028568972, 0.015026101]
quantidade KeyPoints: 17488
Salvando keypoints ROIs no arquivo...
S:0.999998
[0.015026101, 0.028568972, 0.035390727, 0.028568972, 0.015026101;
 0.028568972, 0.054317895, 0.067288034, 0.054317895, 0.028568972;
 0.035390727, 0.067288034, 0.083355203, 0.067288034, 0.035390727;
 0.028568972, 0.054317895, 0.067288034, 0.054317895, 0.028568972;
 0.015026101, 0.028568972, 0.035390727, 0.028568972, 0.015026101]
quantidade KeyPoints: 17575
Salvando keypoints ROIs no arquivo...
S:0.999998
[0.015026101, 0.028568972, 0.035390727, 0.028568972, 0.015026101;
 0.028568972, 0.054317895, 0.067288034, 0.054317895, 0.028568972;
 0.035390727, 0.067288034, 0.083355203, 0.067288034, 0.035390727;
 0.028568972, 0.054317895, 0.067288034, 0.054317895, 0.028568972;
 0.015026101, 0.028568972, 0.035390727, 0.028568972, 0.015026101]
quantidade KeyPoints: 11805
Salvando keypoints ROIs no arquivo...
S:0.999998
[0.015026101, 0.028568972, 0.035390727, 0.028568972, 0.015026101;
 0.028568972, 0.054317895, 0.067288034, 0.054317895, 0.028568972;
 0.035390727, 0.067288034, 0.083355203, 0.067288034, 0.035390727;
 0.028568972, 0.054317895, 0.067288034, 0.054317895, 0.028568972;
 0.015026101, 0.028568972, 0.035390727, 0.028568972, 0.015026101]
quantidade KeyPoints: 15771
Salvando keypoints ROIs no arquivo...
S:0.999998
[0.015026101, 0.028568972, 0.035390727, 0.028568972, 0.015026101;
 0.028568972, 0.054317895, 0.067288034, 0.054317895, 0.028568972;
 0.035390727, 0.067288034, 0.083355203, 0.067288034, 0.035390727;
 0.028568972, 0.054317895, 0.067288034, 0.054317895, 0.028568972;
 0.015026101, 0.028568972, 0.035390727, 0.028568972, 0.015026101]
quantidade KeyPoints: 23952
Salvando keypoints ROIs no arquivo...
S:0.999998
[0.015026101, 0.028568972, 0.035390727, 0.028568972, 0.015026101;
 0.028568972, 0.054317895, 0.067288034, 0.054317895, 0.028568972;
 0.035390727, 0.067288034, 0.083355203, 0.067288034, 0.035390727;
 0.028568972, 0.054317895, 0.067288034, 0.054317895, 0.028568972;
 0.015026101, 0.028568972, 0.035390727, 0.028568972, 0.015026101]
quantidade KeyPoints: 25855
Salvando keypoints ROIs no arquivo...
S:0.999998
[0.015026101, 0.028568972, 0.035390727, 0.028568972, 0.015026101;
 0.028568972, 0.054317895, 0.067288034, 0.054317895, 0.028568972;
 0.035390727, 0.067288034, 0.083355203, 0.067288034, 0.035390727;
 0.028568972, 0.054317895, 0.067288034, 0.054317895, 0.028568972;
 0.015026101, 0.028568972, 0.035390727, 0.028568972, 0.015026101]
quantidade KeyPoints: 23766
Salvando keypoints ROIs no arquivo...
S:0.999998
[0.015026101, 0.028568972, 0.035390727, 0.028568972, 0.015026101;
 0.028568972, 0.054317895, 0.067288034, 0.054317895, 0.028568972;
 0.035390727, 0.067288034, 0.083355203, 0.067288034, 0.035390727;
 0.028568972, 0.054317895, 0.067288034, 0.054317895, 0.028568972;
 0.015026101, 0.028568972, 0.035390727, 0.028568972, 0.015026101]
quantidade KeyPoints: 16271
Salvando keypoints ROIs no arquivo...
Imagem HDR
S:0.999998
[0.015026101, 0.028568972, 0.035390727, 0.028568972, 0.015026101;
 0.028568972, 0.054317895, 0.067288034, 0.054317895, 0.028568972;
 0.035390727, 0.067288034, 0.083355203, 0.067288034, 0.035390727;
 0.028568972, 0.054317895, 0.067288034, 0.054317895, 0.028568972;
 0.015026101, 0.028568972, 0.035390727, 0.028568972, 0.015026101]
quantidade KeyPoints: 17813
Salvando keypoints ROIs no arquivo...
Imagem HDR
S:0.999998
[0.015026101, 0.028568972, 0.035390727, 0.028568972, 0.015026101;
 0.028568972, 0.054317895, 0.067288034, 0.054317895, 0.028568972;
 0.035390727, 0.067288034, 0.083355203, 0.067288034, 0.035390727;
 0.028568972, 0.054317895, 0.067288034, 0.054317895, 0.028568972;
 0.015026101, 0.028568972, 0.035390727, 0.028568972, 0.015026101]
quantidade KeyPoints: 16162
Salvando keypoints ROIs no arquivo...
Imagem HDR
S:0.999998
[0.015026101, 0.028568972, 0.035390727, 0.028568972, 0.015026101;
 0.028568972, 0.054317895, 0.067288034, 0.054317895, 0.028568972;
 0.035390727, 0.067288034, 0.083355203, 0.067288034, 0.035390727;
 0.028568972, 0.054317895, 0.067288034, 0.054317895, 0.028568972;
 0.015026101, 0.028568972, 0.035390727, 0.028568972, 0.015026101]
quantidade KeyPoints: 19019
Salvando keypoints ROIs no arquivo...
[3J[H[2Jdistance/109
terminate called after throwing an instance of 'cv::Exception'
  what():  OpenCV(3.4.2) /home/welerson_a_melo/OpenCV/modules/imgproc/src/color.hpp:253: error: (-215:Assertion failed) VScn::contains(scn) && VDcn::contains(dcn) && VDepth::contains(depth) in function 'CvtHelper'

executar.detector_CV.distance: line 29:  1504 Aborted                 ./detector_CV ../dataset/2D/distance/109/109.gLogMap.jpg ../dataset/2D/distance/109/109
terminate called after throwing an instance of 'cv::Exception'
  what():  OpenCV(3.4.2) /home/welerson_a_melo/OpenCV/modules/imgproc/src/color.hpp:253: error: (-215:Assertion failed) VScn::contains(scn) && VDcn::contains(dcn) && VDepth::contains(depth) in function 'CvtHelper'

executar.detector_CV.distance: line 30:  1506 Aborted                 ./detector_CV ../dataset/2D/distance/109/109.gReinhard05.jpg ../dataset/2D/distance/109/109
Imagem HDR
S:0.999998
[0.015026101, 0.028568972, 0.035390727, 0.028568972, 0.015026101;
 0.028568972, 0.054317895, 0.067288034, 0.054317895, 0.028568972;
 0.035390727, 0.067288034, 0.083355203, 0.067288034, 0.035390727;
 0.028568972, 0.054317895, 0.067288034, 0.054317895, 0.028568972;
 0.015026101, 0.028568972, 0.035390727, 0.028568972, 0.015026101]
quantidade KeyPoints: 19706
Salvando keypoints ROIs no arquivo...
[3J[H[2Jlighting/011
Imagem HDR
S:0.999998
[0.015026101, 0.028568972, 0.035390727, 0.028568972, 0.015026101;
 0.028568972, 0.054317895, 0.067288034, 0.054317895, 0.028568972;
 0.035390727, 0.067288034, 0.083355203, 0.067288034, 0.035390727;
 0.028568972, 0.054317895, 0.067288034, 0.054317895, 0.028568972;
 0.015026101, 0.028568972, 0.035390727, 0.028568972, 0.015026101]
quantidade KeyPoints: 18918
Salvando keypoints ROIs no arquivo...
[3J[H[2Jviewpoint/02
Imagem HDR
S:0.999998
[0.015026101, 0.028568972, 0.035390727, 0.028568972, 0.015026101;
 0.028568972, 0.054317895, 0.067288034, 0.054317895, 0.028568972;
 0.035390727, 0.067288034, 0.083355203, 0.067288034, 0.035390727;
 0.028568972, 0.054317895, 0.067288034, 0.054317895, 0.028568972;
 0.015026101, 0.028568972, 0.035390727, 0.028568972, 0.015026101]
quantidade KeyPoints: 21892
Salvando keypoints ROIs no arquivo...
S:0.999998
[0.015026101, 0.028568972, 0.035390727, 0.028568972, 0.015026101;
 0.028568972, 0.054317895, 0.067288034, 0.054317895, 0.028568972;
 0.035390727, 0.067288034, 0.083355203, 0.067288034, 0.035390727;
 0.028568972, 0.054317895, 0.067288034, 0.054317895, 0.028568972;
 0.015026101, 0.028568972, 0.035390727, 0.028568972, 0.015026101]
quantidade KeyPoints: 21844
Salvando keypoints ROIs no arquivo...
S:0.999998
[0.015026101, 0.028568972, 0.035390727, 0.028568972, 0.015026101;
 0.028568972, 0.054317895, 0.067288034, 0.054317895, 0.028568972;
 0.035390727, 0.067288034, 0.083355203, 0.067288034, 0.035390727;
 0.028568972, 0.054317895, 0.067288034, 0.054317895, 0.028568972;
 0.015026101, 0.028568972, 0.035390727, 0.028568972, 0.015026101]
quantidade KeyPoints: 21003
Salvando keypoints ROIs no arquivo...
S:0.999998
[0.015026101, 0.028568972, 0.035390727, 0.028568972, 0.015026101;
 0.028568972, 0.054317895, 0.067288034, 0.054317895, 0.028568972;
 0.035390727, 0.067288034, 0.083355203, 0.067288034, 0.035390727;
 0.028568972, 0.054317895, 0.067288034, 0.054317895, 0.028568972;
 0.015026101, 0.028568972, 0.035390727, 0.028568972, 0.015026101]
quantidade KeyPoints: 20504
Salvando keypoints ROIs no arquivo...
S:0.999998
[0.015026101, 0.028568972, 0.035390727, 0.028568972, 0.015026101;
 0.028568972, 0.054317895, 0.067288034, 0.054317895, 0.028568972;
 0.035390727, 0.067288034, 0.083355203, 0.067288034, 0.035390727;
 0.028568972, 0.054317895, 0.067288034, 0.054317895, 0.028568972;
 0.015026101, 0.028568972, 0.035390727, 0.028568972, 0.015026101]
quantidade KeyPoints: 19821
Salvando keypoints ROIs no arquivo...
S:0.999998
[0.015026101, 0.028568972, 0.035390727, 0.028568972, 0.015026101;
 0.028568972, 0.054317895, 0.067288034, 0.054317895, 0.028568972;
 0.035390727, 0.067288034, 0.083355203, 0.067288034, 0.035390727;
 0.028568972, 0.054317895, 0.067288034, 0.054317895, 0.028568972;
 0.015026101, 0.028568972, 0.035390727, 0.028568972, 0.015026101]
quantidade KeyPoints: 18405
Salvando keypoints ROIs no arquivo...
S:0.999998
[0.015026101, 0.028568972, 0.035390727, 0.028568972, 0.015026101;
 0.028568972, 0.054317895, 0.067288034, 0.054317895, 0.028568972;
 0.035390727, 0.067288034, 0.083355203, 0.067288034, 0.035390727;
 0.028568972, 0.054317895, 0.067288034, 0.054317895, 0.028568972;
 0.015026101, 0.028568972, 0.035390727, 0.028568972, 0.015026101]
quantidade KeyPoints: 20247
Salvando keypoints ROIs no arquivo...
S:0.999998
[0.015026101, 0.028568972, 0.035390727, 0.028568972, 0.015026101;
 0.028568972, 0.054317895, 0.067288034, 0.054317895, 0.028568972;
 0.035390727, 0.067288034, 0.083355203, 0.067288034, 0.035390727;
 0.028568972, 0.054317895, 0.067288034, 0.054317895, 0.028568972;
 0.015026101, 0.028568972, 0.035390727, 0.028568972, 0.015026101]
quantidade KeyPoints: 17044
Salvando keypoints ROIs no arquivo...
S:0.999998
[0.015026101, 0.028568972, 0.035390727, 0.028568972, 0.015026101;
 0.028568972, 0.054317895, 0.067288034, 0.054317895, 0.028568972;
 0.035390727, 0.067288034, 0.083355203, 0.067288034, 0.035390727;
 0.028568972, 0.054317895, 0.067288034, 0.054317895, 0.028568972;
 0.015026101, 0.028568972, 0.035390727, 0.028568972, 0.015026101]
quantidade KeyPoints: 16083
Salvando keypoints ROIs no arquivo...
S:0.999998
[0.015026101, 0.028568972, 0.035390727, 0.028568972, 0.015026101;
 0.028568972, 0.054317895, 0.067288034, 0.054317895, 0.028568972;
 0.035390727, 0.067288034, 0.083355203, 0.067288034, 0.035390727;
 0.028568972, 0.054317895, 0.067288034, 0.054317895, 0.028568972;
 0.015026101, 0.028568972, 0.035390727, 0.028568972, 0.015026101]
quantidade KeyPoints: 24276
Salvando keypoints ROIs no arquivo...
S:0.999998
[0.015026101, 0.028568972, 0.035390727, 0.028568972, 0.015026101;
 0.028568972, 0.054317895, 0.067288034, 0.054317895, 0.028568972;
 0.035390727, 0.067288034, 0.083355203, 0.067288034, 0.035390727;
 0.028568972, 0.054317895, 0.067288034, 0.054317895, 0.028568972;
 0.015026101, 0.028568972, 0.035390727, 0.028568972, 0.015026101]
quantidade KeyPoints: 19911
Salvando keypoints ROIs no arquivo...
S:0.999998
[0.015026101, 0.028568972, 0.035390727, 0.028568972, 0.015026101;
 0.028568972, 0.054317895, 0.067288034, 0.054317895, 0.028568972;
 0.035390727, 0.067288034, 0.083355203, 0.067288034, 0.035390727;
 0.028568972, 0.054317895, 0.067288034, 0.054317895, 0.028568972;
 0.015026101, 0.028568972, 0.035390727, 0.028568972, 0.015026101]
quantidade KeyPoints: 23467
Salvando keypoints ROIs no arquivo...
S:0.999998
[0.015026101, 0.028568972, 0.035390727, 0.028568972, 0.015026101;
 0.028568972, 0.054317895, 0.067288034, 0.054317895, 0.028568972;
 0.035390727, 0.067288034, 0.083355203, 0.067288034, 0.035390727;
 0.028568972, 0.054317895, 0.067288034, 0.054317895, 0.028568972;
 0.015026101, 0.028568972, 0.035390727, 0.028568972, 0.015026101]
quantidade KeyPoints: 15550
Salvando keypoints ROIs no arquivo...
Imagem HDR
S:0.999998
[0.015026101, 0.028568972, 0.035390727, 0.028568972, 0.015026101;
 0.028568972, 0.054317895, 0.067288034, 0.054317895, 0.028568972;
 0.035390727, 0.067288034, 0.083355203, 0.067288034, 0.035390727;
 0.028568972, 0.054317895, 0.067288034, 0.054317895, 0.028568972;
 0.015026101, 0.028568972, 0.035390727, 0.028568972, 0.015026101]
quantidade KeyPoints: 17379
Salvando keypoints ROIs no arquivo...
Imagem HDR
S:0.999998
[0.015026101, 0.028568972, 0.035390727, 0.028568972, 0.015026101;
 0.028568972, 0.054317895, 0.067288034, 0.054317895, 0.028568972;
 0.035390727, 0.067288034, 0.083355203, 0.067288034, 0.035390727;
 0.028568972, 0.054317895, 0.067288034, 0.054317895, 0.028568972;
 0.015026101, 0.028568972, 0.035390727, 0.028568972, 0.015026101]
quantidade KeyPoints: 16479
Salvando keypoints ROIs no arquivo...
Imagem HDR
S:0.999998
[0.015026101, 0.028568972, 0.035390727, 0.028568972, 0.015026101;
 0.028568972, 0.054317895, 0.067288034, 0.054317895, 0.028568972;
 0.035390727, 0.067288034, 0.083355203, 0.067288034, 0.035390727;
 0.028568972, 0.054317895, 0.067288034, 0.054317895, 0.028568972;
 0.015026101, 0.028568972, 0.035390727, 0.028568972, 0.015026101]
quantidade KeyPoints: 19289
Salvando keypoints ROIs no arquivo...
[3J[H[2Jdistance/122
terminate called after throwing an instance of 'cv::Exception'
  what():  OpenCV(3.4.2) /home/welerson_a_melo/OpenCV/modules/imgproc/src/color.hpp:253: error: (-215:Assertion failed) VScn::contains(scn) && VDcn::contains(dcn) && VDepth::contains(depth) in function 'CvtHelper'

executar.detector_CV.distance: line 42:  1688 Aborted                 ./detector_CV ../dataset/2D/distance/122/122.gLogMap.jpg ../dataset/2D/distance/122/122
terminate called after throwing an instance of 'cv::Exception'
  what():  OpenCV(3.4.2) /home/welerson_a_melo/OpenCV/modules/imgproc/src/color.hpp:253: error: (-215:Assertion failed) VScn::contains(scn) && VDcn::contains(dcn) && VDepth::contains(depth) in function 'CvtHelper'

executar.detector_CV.distance: line 43:  1690 Aborted                 ./detector_CV ../dataset/2D/distance/122/122.gReinhard05.jpg ../dataset/2D/distance/122/122
Imagem HDR
S:0.999998
[0.015026101, 0.028568972, 0.035390727, 0.028568972, 0.015026101;
 0.028568972, 0.054317895, 0.067288034, 0.054317895, 0.028568972;
 0.035390727, 0.067288034, 0.083355203, 0.067288034, 0.035390727;
 0.028568972, 0.054317895, 0.067288034, 0.054317895, 0.028568972;
 0.015026101, 0.028568972, 0.035390727, 0.028568972, 0.015026101]
quantidade KeyPoints: 19005
Salvando keypoints ROIs no arquivo...
[3J[H[2Jlighting/100
Imagem HDR
S:0.999998
[0.015026101, 0.028568972, 0.035390727, 0.028568972, 0.015026101;
 0.028568972, 0.054317895, 0.067288034, 0.054317895, 0.028568972;
 0.035390727, 0.067288034, 0.083355203, 0.067288034, 0.035390727;
 0.028568972, 0.054317895, 0.067288034, 0.054317895, 0.028568972;
 0.015026101, 0.028568972, 0.035390727, 0.028568972, 0.015026101]
quantidade KeyPoints: 18588
Salvando keypoints ROIs no arquivo...
[3J[H[2Jviewpoint/03
Imagem HDR
S:0.999998
[0.015026101, 0.028568972, 0.035390727, 0.028568972, 0.015026101;
 0.028568972, 0.054317895, 0.067288034, 0.054317895, 0.028568972;
 0.035390727, 0.067288034, 0.083355203, 0.067288034, 0.035390727;
 0.028568972, 0.054317895, 0.067288034, 0.054317895, 0.028568972;
 0.015026101, 0.028568972, 0.035390727, 0.028568972, 0.015026101]
quantidade KeyPoints: 22547
Salvando keypoints ROIs no arquivo...
S:0.999998
[0.015026101, 0.028568972, 0.035390727, 0.028568972, 0.015026101;
 0.028568972, 0.054317895, 0.067288034, 0.054317895, 0.028568972;
 0.035390727, 0.067288034, 0.083355203, 0.067288034, 0.035390727;
 0.028568972, 0.054317895, 0.067288034, 0.054317895, 0.028568972;
 0.015026101, 0.028568972, 0.035390727, 0.028568972, 0.015026101]
quantidade KeyPoints: 23924
Salvando keypoints ROIs no arquivo...
S:0.999998
[0.015026101, 0.028568972, 0.035390727, 0.028568972, 0.015026101;
 0.028568972, 0.054317895, 0.067288034, 0.054317895, 0.028568972;
 0.035390727, 0.067288034, 0.083355203, 0.067288034, 0.035390727;
 0.028568972, 0.054317895, 0.067288034, 0.054317895, 0.028568972;
 0.015026101, 0.028568972, 0.035390727, 0.028568972, 0.015026101]
quantidade KeyPoints: 20699
Salvando keypoints ROIs no arquivo...
S:0.999998
[0.015026101, 0.028568972, 0.035390727, 0.028568972, 0.015026101;
 0.028568972, 0.054317895, 0.067288034, 0.054317895, 0.028568972;
 0.035390727, 0.067288034, 0.083355203, 0.067288034, 0.035390727;
 0.028568972, 0.054317895, 0.067288034, 0.054317895, 0.028568972;
 0.015026101, 0.028568972, 0.035390727, 0.028568972, 0.015026101]
quantidade KeyPoints: 20611
Salvando keypoints ROIs no arquivo...
S:0.999998
[0.015026101, 0.028568972, 0.035390727, 0.028568972, 0.015026101;
 0.028568972, 0.054317895, 0.067288034, 0.054317895, 0.028568972;
 0.035390727, 0.067288034, 0.083355203, 0.067288034, 0.035390727;
 0.028568972, 0.054317895, 0.067288034, 0.054317895, 0.028568972;
 0.015026101, 0.028568972, 0.035390727, 0.028568972, 0.015026101]
quantidade KeyPoints: 23209
Salvando keypoints ROIs no arquivo...
quantidade KeyPoints: 18325
Salvando keypoints ROIs no arquivo...
S:0.999998
[0.015026101, 0.028568972, 0.035390727, 0.028568972, 0.015026101;
 0.028568972, 0.054317895, 0.067288034, 0.054317895, 0.028568972;
 0.035390727, 0.067288034, 0.083355203, 0.067288034, 0.035390727;
 0.028568972, 0.054317895, 0.067288034, 0.054317895, 0.028568972;
 0.015026101, 0.028568972, 0.035390727, 0.028568972, 0.015026101]
S:0.999998
[0.015026101, 0.028568972, 0.035390727, 0.028568972, 0.015026101;
 0.028568972, 0.054317895, 0.067288034, 0.054317895, 0.028568972;
 0.035390727, 0.067288034, 0.083355203, 0.067288034, 0.035390727;
 0.028568972, 0.054317895, 0.067288034, 0.054317895, 0.028568972;
 0.015026101, 0.028568972, 0.035390727, 0.028568972, 0.015026101]
quantidade KeyPoints: 19778
Salvando keypoints ROIs no arquivo...
S:0.999998
[0.015026101, 0.028568972, 0.035390727, 0.028568972, 0.015026101;
 0.028568972, 0.054317895, 0.067288034, 0.054317895, 0.028568972;
 0.035390727, 0.067288034, 0.083355203, 0.067288034, 0.035390727;
 0.028568972, 0.054317895, 0.067288034, 0.054317895, 0.028568972;
 0.015026101, 0.028568972, 0.035390727, 0.028568972, 0.015026101]
quantidade KeyPoints: 16004
Salvando keypoints ROIs no arquivo...
S:0.999998
[0.015026101, 0.028568972, 0.035390727, 0.028568972, 0.015026101;
 0.028568972, 0.054317895, 0.067288034, 0.054317895, 0.028568972;
 0.035390727, 0.067288034, 0.083355203, 0.067288034, 0.035390727;
 0.028568972, 0.054317895, 0.067288034, 0.054317895, 0.028568972;
 0.015026101, 0.028568972, 0.035390727, 0.028568972, 0.015026101]
quantidade KeyPoints: 22185
Salvando keypoints ROIs no arquivo...
S:0.999998
[0.015026101, 0.028568972, 0.035390727, 0.028568972, 0.015026101;
 0.028568972, 0.054317895, 0.067288034, 0.054317895, 0.028568972;
 0.035390727, 0.067288034, 0.083355203, 0.067288034, 0.035390727;
 0.028568972, 0.054317895, 0.067288034, 0.054317895, 0.028568972;
 0.015026101, 0.028568972, 0.035390727, 0.028568972, 0.015026101]
quantidade KeyPoints: 25219
Salvando keypoints ROIs no arquivo...
S:0.999998
[0.015026101, 0.028568972, 0.035390727, 0.028568972, 0.015026101;
 0.028568972, 0.054317895, 0.067288034, 0.054317895, 0.028568972;
 0.035390727, 0.067288034, 0.083355203, 0.067288034, 0.035390727;
 0.028568972, 0.054317895, 0.067288034, 0.054317895, 0.028568972;
 0.015026101, 0.028568972, 0.035390727, 0.028568972, 0.015026101]
quantidade KeyPoints: 23424
Salvando keypoints ROIs no arquivo...
S:0.999998
[0.015026101, 0.028568972, 0.035390727, 0.028568972, 0.015026101;
 0.028568972, 0.054317895, 0.067288034, 0.054317895, 0.028568972;
 0.035390727, 0.067288034, 0.083355203, 0.067288034, 0.035390727;
 0.028568972, 0.054317895, 0.067288034, 0.054317895, 0.028568972;
 0.015026101, 0.028568972, 0.035390727, 0.028568972, 0.015026101]
quantidade KeyPoints: 24149
Salvando keypoints ROIs no arquivo...
S:0.999998
[0.015026101, 0.028568972, 0.035390727, 0.028568972, 0.015026101;
 0.028568972, 0.054317895, 0.067288034, 0.054317895, 0.028568972;
 0.035390727, 0.067288034, 0.083355203, 0.067288034, 0.035390727;
 0.028568972, 0.054317895, 0.067288034, 0.054317895, 0.028568972;
 0.015026101, 0.028568972, 0.035390727, 0.028568972, 0.015026101]
quantidade KeyPoints: 15419
Salvando keypoints ROIs no arquivo...
Imagem HDR
S:0.999998
[0.015026101, 0.028568972, 0.035390727, 0.028568972, 0.015026101;
 0.028568972, 0.054317895, 0.067288034, 0.054317895, 0.028568972;
 0.035390727, 0.067288034, 0.083355203, 0.067288034, 0.035390727;
 0.028568972, 0.054317895, 0.067288034, 0.054317895, 0.028568972;
 0.015026101, 0.028568972, 0.035390727, 0.028568972, 0.015026101]
quantidade KeyPoints: 16149
Salvando keypoints ROIs no arquivo...
Imagem HDR
S:0.999998
[0.015026101, 0.028568972, 0.035390727, 0.028568972, 0.015026101;
 0.028568972, 0.054317895, 0.067288034, 0.054317895, 0.028568972;
 0.035390727, 0.067288034, 0.083355203, 0.067288034, 0.035390727;
 0.028568972, 0.054317895, 0.067288034, 0.054317895, 0.028568972;
 0.015026101, 0.028568972, 0.035390727, 0.028568972, 0.015026101]
quantidade KeyPoints: 14535
Salvando keypoints ROIs no arquivo...
Imagem HDR
S:0.999998
[0.015026101, 0.028568972, 0.035390727, 0.028568972, 0.015026101;
 0.028568972, 0.054317895, 0.067288034, 0.054317895, 0.028568972;
 0.035390727, 0.067288034, 0.083355203, 0.067288034, 0.035390727;
 0.028568972, 0.054317895, 0.067288034, 0.054317895, 0.028568972;
 0.015026101, 0.028568972, 0.035390727, 0.028568972, 0.015026101]
quantidade KeyPoints: 19996
Salvando keypoints ROIs no arquivo...
[3J[H[2Jdistance/147
terminate called after throwing an instance of 'cv::Exception'
  what():  OpenCV(3.4.2) /home/welerson_a_melo/OpenCV/modules/imgproc/src/color.hpp:253: error: (-215:Assertion failed) VScn::contains(scn) && VDcn::contains(dcn) && VDepth::contains(depth) in function 'CvtHelper'

executar.detector_CV.distance: line 55:  1874 Aborted                 ./detector_CV ../dataset/2D/distance/147/147.gLogMap.jpg ../dataset/2D/distance/147/147
terminate called after throwing an instance of 'cv::Exception'
  what():  OpenCV(3.4.2) /home/welerson_a_melo/OpenCV/modules/imgproc/src/color.hpp:253: error: (-215:Assertion failed) VScn::contains(scn) && VDcn::contains(dcn) && VDepth::contains(depth) in function 'CvtHelper'

executar.detector_CV.distance: line 56:  1876 Aborted                 ./detector_CV ../dataset/2D/distance/147/147.gReinhard05.jpg ../dataset/2D/distance/147/147
Imagem HDR
S:0.999998
[0.015026101, 0.028568972, 0.035390727, 0.028568972, 0.015026101;
 0.028568972, 0.054317895, 0.067288034, 0.054317895, 0.028568972;
 0.035390727, 0.067288034, 0.083355203, 0.067288034, 0.035390727;
 0.028568972, 0.054317895, 0.067288034, 0.054317895, 0.028568972;
 0.015026101, 0.028568972, 0.035390727, 0.028568972, 0.015026101]
quantidade KeyPoints: 18505
Salvando keypoints ROIs no arquivo...
[3J[H[2Jviewpoint/04
Imagem HDR
S:0.999998
[0.015026101, 0.028568972, 0.035390727, 0.028568972, 0.015026101;
 0.028568972, 0.054317895, 0.067288034, 0.054317895, 0.028568972;
 0.035390727, 0.067288034, 0.083355203, 0.067288034, 0.035390727;
 0.028568972, 0.054317895, 0.067288034, 0.054317895, 0.028568972;
 0.015026101, 0.028568972, 0.035390727, 0.028568972, 0.015026101]
quantidade KeyPoints: 23668
Salvando keypoints ROIs no arquivo...
[3J[H[2Jlighting/101
Imagem HDR
S:0.999998
[0.015026101, 0.028568972, 0.035390727, 0.028568972, 0.015026101;
 0.028568972, 0.054317895, 0.067288034, 0.054317895, 0.028568972;
 0.035390727, 0.067288034, 0.083355203, 0.067288034, 0.035390727;
 0.028568972, 0.054317895, 0.067288034, 0.054317895, 0.028568972;
 0.015026101, 0.028568972, 0.035390727, 0.028568972, 0.015026101]
quantidade KeyPoints: 23361
Salvando keypoints ROIs no arquivo...
S:0.999998
[0.015026101, 0.028568972, 0.035390727, 0.028568972, 0.015026101;
 0.028568972, 0.054317895, 0.067288034, 0.054317895, 0.028568972;
 0.035390727, 0.067288034, 0.083355203, 0.067288034, 0.035390727;
 0.028568972, 0.054317895, 0.067288034, 0.054317895, 0.028568972;
 0.015026101, 0.028568972, 0.035390727, 0.028568972, 0.015026101]
quantidade KeyPoints: 20799
Salvando keypoints ROIs no arquivo...
S:0.999998
[0.015026101, 0.028568972, 0.035390727, 0.028568972, 0.015026101;
 0.028568972, 0.054317895, 0.067288034, 0.054317895, 0.028568972;
 0.035390727, 0.067288034, 0.083355203, 0.067288034, 0.035390727;
 0.028568972, 0.054317895, 0.067288034, 0.054317895, 0.028568972;
 0.015026101, 0.028568972, 0.035390727, 0.028568972, 0.015026101]
quantidade KeyPoints: 20751
Salvando keypoints ROIs no arquivo...
S:0.999998
[0.015026101, 0.028568972, 0.035390727, 0.028568972, 0.015026101;
 0.028568972, 0.054317895, 0.067288034, 0.054317895, 0.028568972;
 0.035390727, 0.067288034, 0.083355203, 0.067288034, 0.035390727;
 0.028568972, 0.054317895, 0.067288034, 0.054317895, 0.028568972;
 0.015026101, 0.028568972, 0.035390727, 0.028568972, 0.015026101]
quantidade KeyPoints: 17922
Salvando keypoints ROIs no arquivo...
S:0.999998
[0.015026101, 0.028568972, 0.035390727, 0.028568972, 0.015026101;
 0.028568972, 0.054317895, 0.067288034, 0.054317895, 0.028568972;
 0.035390727, 0.067288034, 0.083355203, 0.067288034, 0.035390727;
 0.028568972, 0.054317895, 0.067288034, 0.054317895, 0.028568972;
 0.015026101, 0.028568972, 0.035390727, 0.028568972, 0.015026101]
quantidade KeyPoints: 18544
Salvando keypoints ROIs no arquivo...
S:0.999998
[0.015026101, 0.028568972, 0.035390727, 0.028568972, 0.015026101;
 0.028568972, 0.054317895, 0.067288034, 0.054317895, 0.028568972;
 0.035390727, 0.067288034, 0.083355203, 0.067288034, 0.035390727;
 0.028568972, 0.054317895, 0.067288034, 0.054317895, 0.028568972;
 0.015026101, 0.028568972, 0.035390727, 0.028568972, 0.015026101]
quantidade KeyPoints: 19346
Salvando keypoints ROIs no arquivo...
S:0.999998
[0.015026101, 0.028568972, 0.035390727, 0.028568972, 0.015026101;
 0.028568972, 0.054317895, 0.067288034, 0.054317895, 0.028568972;
 0.035390727, 0.067288034, 0.083355203, 0.067288034, 0.035390727;
 0.028568972, 0.054317895, 0.067288034, 0.054317895, 0.028568972;
 0.015026101, 0.028568972, 0.035390727, 0.028568972, 0.015026101]
quantidade KeyPoints: 18788
Salvando keypoints ROIs no arquivo...
S:0.999998
[0.015026101, 0.028568972, 0.035390727, 0.028568972, 0.015026101;
 0.028568972, 0.054317895, 0.067288034, 0.054317895, 0.028568972;
 0.035390727, 0.067288034, 0.083355203, 0.067288034, 0.035390727;
 0.028568972, 0.054317895, 0.067288034, 0.054317895, 0.028568972;
 0.015026101, 0.028568972, 0.035390727, 0.028568972, 0.015026101]
quantidade KeyPoints: 16045
Salvando keypoints ROIs no arquivo...
S:0.999998
[0.015026101, 0.028568972, 0.035390727, 0.028568972, 0.015026101;
 0.028568972, 0.054317895, 0.067288034, 0.054317895, 0.028568972;
 0.035390727, 0.067288034, 0.083355203, 0.067288034, 0.035390727;
 0.028568972, 0.054317895, 0.067288034, 0.054317895, 0.028568972;
 0.015026101, 0.028568972, 0.035390727, 0.028568972, 0.015026101]
quantidade KeyPoints: 19695
Salvando keypoints ROIs no arquivo...
S:0.999998
[0.015026101, 0.028568972, 0.035390727, 0.028568972, 0.015026101;
 0.028568972, 0.054317895, 0.067288034, 0.054317895, 0.028568972;
 0.035390727, 0.067288034, 0.083355203, 0.067288034, 0.035390727;
 0.028568972, 0.054317895, 0.067288034, 0.054317895, 0.028568972;
 0.015026101, 0.028568972, 0.035390727, 0.028568972, 0.015026101]
quantidade KeyPoints: 15109
Salvando keypoints ROIs no arquivo...
S:0.999998
[0.015026101, 0.028568972, 0.035390727, 0.028568972, 0.015026101;
 0.028568972, 0.054317895, 0.067288034, 0.054317895, 0.028568972;
 0.035390727, 0.067288034, 0.083355203, 0.067288034, 0.035390727;
 0.028568972, 0.054317895, 0.067288034, 0.054317895, 0.028568972;
 0.015026101, 0.028568972, 0.035390727, 0.028568972, 0.015026101]
quantidade KeyPoints: 23345
Salvando keypoints ROIs no arquivo...
S:0.999998
[0.015026101, 0.028568972, 0.035390727, 0.028568972, 0.015026101;
 0.028568972, 0.054317895, 0.067288034, 0.054317895, 0.028568972;
 0.035390727, 0.067288034, 0.083355203, 0.067288034, 0.035390727;
 0.028568972, 0.054317895, 0.067288034, 0.054317895, 0.028568972;
 0.015026101, 0.028568972, 0.035390727, 0.028568972, 0.015026101]
quantidade KeyPoints: 18909
Salvando keypoints ROIs no arquivo...
S:0.999998
[0.015026101, 0.028568972, 0.035390727, 0.028568972, 0.015026101;
